34,125,70,85,187,178,104,64,227,187,87,91,160,252,173,6,
19,19,6,222,125,158,98,189,39,13,67,101,55,200,96,174,
197,226,183,166,131,247,18,116,2,224,20,55,20,35,3,155,
200,246,174,214,89,181,151,112,254,148,114,244,31,48,185,220,
212,68,123,235,72,22,76,95,109,42,127,111,71,62,186,162,
20,245,239,160,191,165,153,121,69,200,49,14,201,173,212,94,
143,44,18,28,114,239,237,85,226,229,18,202,196,237,173,209,
180,117,105,9,62,65,139,44,136,45,147,88,191,194,248,167,
247,222,232,110,69,6,150,211,162,244,32,121,86,114,95,216,
32,128,241,205,11,65,50,221,93,17,148,45,116,197,207,65,
238,137,73,111,194,23,193,120,255,41,54,70,113,4,124,185,
71,200,136,80,6,22,18,226,109,43,139,57,140,161,236,21,
39,36,61,228,26,18,86,106,241,55,31,240,15,69,152,254,
20,170,90,78,69,62,32,223,167,52,194,240,254,179,221,235,
60,183,62,27,214,144,151,197,1,99,224,188,219,23,112,112,
130,185,37,217,173,250,115,119,192,110,45,215,226,137,162,42,
